1 86

1 2
  2 6
    6 23
    6 24
    6 25
    6 26
  2 7
    7 27
    7 28
    7 29
    7 30
  2 8
    8 31
    8 32
    8 33
    8 34
  2 9
    9 35
    9 36
    9 37
    9 38
1 3
  3 10
    10 39
    10 40
    10 41
    10 42
  3 11
    11 43
    11 44
    11 45
    11 46
  3 12
    12 47
    12 48
    12 49
    12 50
  3 13
    13 51
    13 52
    13 53
    13 54
1 4
  4 14
    14 55
    14 56
    14 57
    14 58
  4 15
    15 59
    15 60
    15 61
    15 62
  4 16
    16 63
    16 64
    16 65
    16 66
  4 17
    17 67
    17 68
    17 69
    17 70
1 5
  5 19
    19 71
    19 72
    19 73
    19 74
  5 20
    20 75
    20 76
    20 77
    20 78
  5 21
    21 79
    21 80
    21 81
    21 82
  5 22
    21 83
    21 84
    21 85
    21 86

